1.000000e-02  
1.019259e-02  
1.038890e-02  
1.058898e-02  
1.079291e-02  
1.100078e-02  
1.121265e-02  
1.142859e-02  
1.164870e-02  
1.187305e-02  
1.210171e-02  
1.233478e-02  
1.257234e-02  
1.281448e-02  
1.306128e-02  
1.331283e-02  
1.356922e-02  
1.383056e-02  
1.409692e-02  
1.436842e-02  
1.464515e-02  
1.492720e-02  
1.521469e-02  
1.550771e-02  
1.580638e-02  
1.611080e-02  
1.642108e-02  
1.673734e-02  
1.705969e-02  
1.738825e-02  
1.772314e-02  
1.806447e-02  
1.841238e-02  
1.876699e-02  
1.912843e-02  
1.949683e-02  
1.987233e-02  
2.025505e-02  
2.064515e-02  
2.104276e-02  
2.144803e-02  
2.186111e-02  
2.228214e-02  
2.271128e-02  
2.314868e-02  
2.359451e-02  
2.404892e-02  
2.451209e-02  
2.498417e-02  
2.546535e-02  
2.595579e-02  
2.645568e-02  
2.696520e-02  
2.748453e-02  
2.801387e-02  
2.855340e-02  
2.910331e-02  
2.966382e-02  
3.023513e-02  
3.081744e-02  
3.141096e-02  
3.201591e-02  
3.263252e-02  
3.326100e-02  
3.390158e-02  
3.455450e-02  
3.522000e-02  
3.589831e-02  
3.658969e-02  
3.729438e-02  
3.801264e-02  
3.874474e-02  
3.949094e-02  
4.025150e-02  
4.102672e-02  
4.181687e-02  
4.262223e-02  
4.344311e-02  
4.427979e-02  
4.513259e-02  
4.600181e-02  
4.688777e-02  
4.779080e-02  
4.871122e-02  
4.964936e-02  
5.060557e-02  
5.158020e-02  
5.257360e-02  
5.358613e-02  
5.461816e-02  
5.567007e-02  
5.674224e-02  
5.783506e-02  
5.894892e-02  
6.008423e-02  
6.124141e-02  
6.242088e-02  
6.362307e-02  
6.484840e-02  
6.609734e-02  
6.737033e-02  
6.866783e-02  
6.999033e-02  
7.133829e-02  
7.271222e-02  
7.411261e-02  
7.553996e-02  
7.699481e-02  
7.847768e-02  
7.998910e-02  
8.152964e-02  
8.309984e-02  
8.470029e-02  
8.633156e-02  
8.799424e-02  
8.968895e-02  
9.141630e-02  
9.317691e-02  
9.497144e-02  
9.680052e-02  
9.866483e-02  
1.005650e-01  
1.025019e-01  
1.044760e-01  
1.064881e-01  
1.085390e-01  
1.106294e-01  
1.127600e-01  
1.149317e-01  
1.171452e-01  
1.194014e-01  
1.217009e-01  
1.240448e-01  
1.264338e-01  
1.288689e-01  
1.313508e-01  
1.338805e-01  
1.364590e-01  
1.390871e-01  
1.417658e-01  
1.444961e-01  
1.472790e-01  
1.501155e-01  
1.530066e-01  
1.559534e-01  
1.589570e-01  
1.620184e-01  
1.651387e-01  
1.683192e-01  
1.715609e-01  
1.748650e-01  
1.782328e-01  
1.816655e-01  
1.851642e-01  
1.887303e-01  
1.923652e-01  
1.960700e-01  
1.998461e-01  
2.036950e-01  
2.076181e-01  
2.116167e-01  
2.156922e-01  
2.198463e-01  
2.240804e-01  
2.283960e-01  
2.327948e-01  
2.372783e-01  
2.418481e-01  
2.465059e-01  
2.512534e-01  
2.560924e-01  
2.610246e-01  
2.660517e-01  
2.711757e-01  
2.763983e-01  
2.817216e-01  
2.871474e-01  
2.926776e-01  
2.983144e-01  
3.040597e-01  
3.099157e-01  
3.158845e-01  
3.219682e-01  
3.281691e-01  
3.344894e-01  
3.409314e-01  
3.474975e-01  
3.541901e-01  
3.610115e-01  
3.679643e-01  
3.750511e-01  
3.822743e-01  
3.896367e-01  
3.971408e-01  
4.047894e-01  
4.125854e-01  
4.205315e-01  
4.286307e-01  
4.368858e-01  
4.452999e-01  
4.538761e-01  
4.626174e-01  
4.715271e-01  
4.806084e-01  
4.898646e-01  
4.992990e-01  
5.089152e-01  
5.187165e-01  
5.287067e-01  
5.388892e-01  
5.492678e-01  
5.598463e-01  
5.706286e-01  
5.816185e-01  
5.928201e-01  
6.042374e-01  
6.158746e-01  
6.277359e-01  
6.398257e-01  
6.521483e-01  
6.647082e-01  
6.775100e-01  
6.905584e-01  
7.038581e-01  
7.174139e-01  
7.312308e-01  
7.453138e-01  
7.596680e-01  
7.742987e-01  
7.892111e-01  
8.044108e-01  
8.199032e-01  
8.356940e-01  
8.517888e-01  
8.681937e-01  
8.849145e-01  
9.019574e-01  
9.193284e-01  
9.370341e-01  
9.550807e-01  
9.734749e-01  
9.922233e-01  
1.011333e+00  
1.030810e+00  
1.050663e+00  
1.070898e+00  
1.091523e+00  
1.112545e+00  
1.133972e+00  
1.155811e+00  
1.178071e+00  
1.200760e+00  
1.223886e+00  
1.247457e+00  
1.271482e+00  
1.295970e+00  
1.320930e+00  
1.346370e+00  
1.372300e+00  
1.398730e+00  
1.425668e+00  
1.453126e+00  
1.481112e+00  
1.509637e+00  
1.538712e+00  
1.568346e+00  
1.598551e+00  
1.629338e+00  
1.660718e+00  
1.692703e+00  
1.725303e+00  
1.758531e+00  
1.792399e+00  
1.826919e+00  
1.862105e+00  
1.897968e+00  
1.934521e+00  
1.971779e+00  
2.009754e+00  
2.048460e+00  
2.087912e+00  
2.128124e+00  
2.169110e+00  
2.210886e+00  
2.253466e+00  
2.296866e+00  
2.341102e+00  
2.386190e+00  
2.432146e+00  
2.478988e+00  
2.526731e+00  
2.575394e+00  
2.624995e+00  
2.675550e+00  
2.727080e+00  
2.779601e+00  
2.833135e+00  
2.887699e+00  
2.943314e+00  
3.000000e+00  
